90.00 4.00 1.00
250.00 4.00 1.00
370.00 4.00 1.00
660.00 4.00 1.00
740.00 4.00 1.00
910.00 4.00 1.00
950.00 4.00 1.00
1030.00 4.00 1.00
1280.00 4.00 1.00
1360.00 4.00 1.00
1400.00 4.00 1.00
1440.00 4.00 1.00
1480.00 4.00 1.00
1560.00 4.00 1.00
1650.00 4.00 1.00
1690.00 4.00 1.00
1730.00 4.00 1.00
1810.00 4.00 1.00
2060.00 4.00 1.00
2140.00 4.00 1.00
2260.00 4.00 1.00
2340.00 4.00 1.00
2380.00 4.00 1.00
2510.00 4.00 1.00
2590.00 4.00 1.00
2630.00 4.00 1.00
2670.00 4.00 1.00
2790.00 4.00 1.00
2880.00 4.00 1.00
2920.00 4.00 1.00
3000.00 4.00 1.00
3200.00 4.00 1.00
