50.00 4.00 1.00
290.00 4.00 1.00
330.00 4.00 1.00
460.00 4.00 1.00
500.00 4.00 1.00
540.00 4.00 1.00
620.00 4.00 1.00
700.00 4.00 1.00
830.00 4.00 1.00
870.00 4.00 1.00
990.00 4.00 1.00
1070.00 4.00 1.00
1190.00 4.00 1.00
1240.00 4.00 1.00
1770.00 4.00 1.00
1850.00 4.00 1.00
1970.00 4.00 1.00
2010.00 4.00 1.00
2100.00 4.00 1.00
2180.00 4.00 1.00
2220.00 4.00 1.00
2300.00 4.00 1.00
2420.00 4.00 1.00
2470.00 4.00 1.00
2550.00 4.00 1.00
2750.00 4.00 1.00
2830.00 4.00 1.00
2960.00 4.00 1.00
3040.00 4.00 1.00
3080.00 4.00 1.00
3120.00 4.00 1.00
3240.00 4.00 1.00
